Experimental data
 alpha /   Cl   /  Cd   
 -1.06   0.239   0.0093
  0.37   0.394   0.0089
  2.11   0.582   0.0094
  4.01   0.786   0.0103
  5.21   0.906   0.0113
  6.45   1.021   0.0127
  8.13   1.152   0.0170
 10.12   1.200   0.0338

% StarCCM data (SST model)
 alpha /   Cl   /  Cd   
  -1    0.2226    0.01312
   0    0.3343    0.01321
   2    0.5553    0.01405
   4    0.7707    0.01571
   6    0.9751    0.01842
   8    1.1587    0.02275
 10    1.2994    0.03053

% StarCCM data (SA model)
 alpha /   Cl   /  Cd   
  -1    0.2268    0.01379
   0    0.3396    0.01387
   2    0.5635    0.01468
   4    0.7827    0.01631
   6     0.9931    0.01896
   8    1.1871    0.02309
 10    1.3492    0.03001
 18    1.0954    0.1884